0:
  0000  
 00  00 
00    00
00    00
00    00
00    00
00    00
00    00
 00  00 
  0000  

1:
   11   
  111   
 1111   
   11   
   11   
   11   
   11   
   11   
   11   
 111111 

2:
  2222  
 22  22 
22    22
     22 
    22  
   22   
  22    
 22     
22      
22222222

3:
  3333  
 33  33 
33    33
     33 
   333  
     33 
     33 
33    33
 33  33 
  3333  

4:
    44  
   444  
  4444  
 44 44  
44  44  
44444444
     44 
     44 
     44 
     44 

5:
55555555
55      
55      
5555555 
     55 
     55 
     55 
55   55 
55   55 
 555555 

6:
  6666  
 66  66 
66      
66      
6666666 
66    66
66    66
66    66
 66  66 
  6666  

7:
77777777
     77 
    77  
   77   
  77    
 77     
77      
77      
77      
77      

8:
  8888  
 88  88 
88    88
88    88
  8888  
 88  88 
88    88
88    88
 88  88 
  8888  

9:
  9999  
 99  99 
99    99
99    99
 99  99 
  999999
      99
      99
 99  99 
  9999  
"""